Starting Dynare (version 4.5.1).
Starting preprocessing of the model file ...
Found 10 equation(s).
Evaluating expressions...done
Computing static model derivatives:
 - order 1
Computing dynamic model derivatives:
 - order 1
 - order 2
 - order 3
Processing outputs ...
done
Preprocessing completed.

STEADY-STATE RESULTS:

r      		 0.0100877
w      		 2.3711
c      		 0.918185
n      		 0.333333
l      		 0.666667
ltheta 		 0
y      		 1.23495
nu     		 1.19812
k      		 12.6706
theta  		 1

EIGENVALUES:
         Modulus             Real        Imaginary

            0.95             0.95                0
          0.9637           0.9637                0
           1.048            1.048                0


There are 1 eigenvalue(s) larger than 1 in modulus 
for 1 forward-looking variable(s)

The rank condition is verified.


MODEL SUMMARY

  Number of variables:         10
  Number of stochastic shocks: 1
  Number of state variables:   2
  Number of jumpers:           1
  Number of static variables:  7


MATRIX OF COVARIANCE OF EXOGENOUS SHOCKS
Variables         eps
eps          0.000049



MOMENTS OF SIMULATED VARIABLES
VARIABLE              MEAN       STD. DEV.        VARIANCE        SKEWNESS        KURTOSIS
r                 0.010083        0.000832        0.000001        0.078566        0.055245
w                 2.372338        0.077275        0.005971        0.088954        0.041679
c                 0.918342        0.017091        0.000292        0.039972        0.042029
n                 0.333326        0.002711        0.000007        0.004496        0.044314
l                 0.666674        0.002711        0.000007       -0.004496        0.044314
ltheta           -0.000151        0.021921        0.000481       -0.007433        0.008043
y                 1.235406        0.036411        0.001326        0.085917        0.027416
nu                1.198951        0.044931        0.002019        0.130778        0.075576
k                12.682445        0.438938        0.192667        0.100023        0.059044
theta             1.000089        0.021924        0.000481        0.058581        0.013542


CORRELATION OF SIMULATED VARIABLES
VARIABLE         r       w       c       n       l  ltheta       y      nu       k   theta
r           1.0000 -0.0754 -0.2641  0.9069 -0.9069  0.3177  0.1669  0.2844 -0.5051  0.3177
w          -0.0754  1.0000  0.9816 -0.4878  0.4878  0.9213  0.9705 -0.9761  0.8985  0.9214
c          -0.2641  0.9816  1.0000 -0.6455  0.6455  0.8305  0.9067 -0.9990  0.9657  0.8305
n           0.9069 -0.4878 -0.6455  1.0000 -1.0000 -0.1109 -0.2633  0.6615 -0.8212 -0.1108
l          -0.9069  0.4878  0.6455 -1.0000  1.0000  0.1109  0.2633 -0.6615  0.8212  0.1108
ltheta      0.3177  0.9213  0.8305 -0.1109  0.1109  1.0000  0.9877 -0.8182  0.6574  0.9999
y           0.1669  0.9705  0.9067 -0.2633  0.2633  0.9877  1.0000 -0.8966  0.7663  0.9879
nu          0.2844 -0.9761 -0.9990  0.6615 -0.6615 -0.8182 -0.8966  1.0000 -0.9697 -0.8178
k          -0.5051  0.8985  0.9657 -0.8212  0.8212  0.6574  0.7663 -0.9697  1.0000  0.6575
theta       0.3177  0.9214  0.8305 -0.1108  0.1108  0.9999  0.9879 -0.8178  0.6575  1.0000


AUTOCORRELATION OF SIMULATED VARIABLES
VARIABLE         1       2       3       4       5
r           0.9362  0.8757  0.8186  0.7651  0.7152
w           0.9808  0.9613  0.9416  0.9219  0.9024
c           0.9922  0.9832  0.9731  0.9621  0.9502
n           0.9726  0.9457  0.9192  0.8934  0.8683
l           0.9726  0.9457  0.9192  0.8934  0.8683
ltheta      0.9479  0.8983  0.8510  0.8065  0.7646
y           0.9613  0.9240  0.8879  0.8535  0.8208
nu          0.9932  0.9850  0.9757  0.9654  0.9542
k           0.9990  0.9962  0.9918  0.9859  0.9787
theta       0.9479  0.8982  0.8509  0.8063  0.7644
Total computing time : 0h00m13s
