Starting Dynare (version 4.5.1).
Starting preprocessing of the model file ...
Found 10 equation(s).
Evaluating expressions...done
Computing static model derivatives:
 - order 1
Computing dynamic model derivatives:
 - order 1
Processing outputs ...
done
Preprocessing completed.

STEADY-STATE RESULTS:

r      		 0.0100877
w      		 2.3711
c      		 0.918185
n      		 0.333333
l      		 0.666667
ltheta 		 0
y      		 1.23495
nu     		 1.19812
k      		 12.6706
theta  		 1

EIGENVALUES:
         Modulus             Real        Imaginary

            0.95             0.95                0
          0.9637           0.9637                0
           1.048            1.048                0


There are 1 eigenvalue(s) larger than 1 in modulus 
for 1 forward-looking variable(s)

The rank condition is verified.


MODEL SUMMARY

  Number of variables:         10
  Number of stochastic shocks: 1
  Number of state variables:   2
  Number of jumpers:           1
  Number of static variables:  7


MATRIX OF COVARIANCE OF EXOGENOUS SHOCKS
Variables         eps
eps          0.000049

POLICY AND TRANSITION FUNCTIONS
                                   r               w               c               n               l          ltheta               y              nu               k           theta
Constant                    0.010088        2.371103        0.918185        0.333333        0.666667               0        1.234949        1.198116       12.670580        1.000000
ltheta(-1)                  0.038729        2.047457        0.286124        0.080089       -0.080089        0.950000        1.363101       -0.700773        1.076977        0.950000
k(-1)                      -0.002302        0.087494        0.027765       -0.007859        0.007859               0        0.016453       -0.075189        0.963688               0
eps                         0.040767        2.155218        0.301183        0.084304       -0.084304        1.000000        1.434843       -0.737656        1.133660        1.000000


MOMENTS OF SIMULATED VARIABLES
VARIABLE              MEAN       STD. DEV.        VARIANCE        SKEWNESS        KURTOSIS
r                 0.010093        0.000832        0.000001        0.025675        0.047149
w                 2.370360        0.077234        0.005965       -0.007230        0.031791
c                 0.918007        0.017091        0.000292       -0.004723        0.040577
n                 0.333358        0.002711        0.000007        0.014369        0.044448
l                 0.666642        0.002711        0.000007       -0.014369        0.044448
ltheta           -0.000151        0.021921        0.000481       -0.007433        0.008043
y                 1.234654        0.036393        0.001324       -0.008680        0.016650
nu                1.198586        0.044874        0.002014        0.004454        0.041258
k                12.665812        0.438535        0.192313       -0.002615        0.044939
theta             0.999849        0.021921        0.000481       -0.007433        0.008043


CORRELATION OF SIMULATED VARIABLES
VARIABLE         r       w       c       n       l  ltheta       y      nu       k   theta
r           1.0000 -0.0757 -0.2644  0.9071 -0.9071  0.3175  0.1667  0.2848 -0.5056  0.3175
w          -0.0757  1.0000  0.9817 -0.4883  0.4883  0.9215  0.9706 -0.9774  0.8986  0.9215
c          -0.2644  0.9817  1.0000 -0.6457  0.6457  0.8306  0.9068 -0.9998  0.9657  0.8306
n           0.9071 -0.4883 -0.6457  1.0000 -1.0000 -0.1110 -0.2637  0.6618 -0.8217 -0.1110
l          -0.9071  0.4883  0.6457 -1.0000  1.0000  0.1110  0.2637 -0.6618  0.8217  0.1110
ltheta      0.3175  0.9215  0.8306 -0.1110  0.1110  1.0000  0.9879 -0.8186  0.6576  1.0000
y           0.1667  0.9706  0.9068 -0.2637  0.2637  0.9879  1.0000 -0.8977  0.7664  0.9879
nu          0.2848 -0.9774 -0.9998  0.6618 -0.6618 -0.8186 -0.8977  1.0000 -0.9710 -0.8186
k          -0.5056  0.8986  0.9657 -0.8217  0.8217  0.6576  0.7664 -0.9710  1.0000  0.6576
theta       0.3175  0.9215  0.8306 -0.1110  0.1110  1.0000  0.9879 -0.8186  0.6576  1.0000


AUTOCORRELATION OF SIMULATED VARIABLES
VARIABLE         1       2       3       4       5
r           0.9362  0.8758  0.8187  0.7652  0.7154
w           0.9808  0.9613  0.9416  0.9220  0.9024
c           0.9922  0.9832  0.9731  0.9621  0.9502
n           0.9727  0.9457  0.9192  0.8934  0.8683
l           0.9727  0.9457  0.9192  0.8934  0.8683
ltheta      0.9479  0.8983  0.8510  0.8065  0.7646
y           0.9614  0.9240  0.8880  0.8537  0.8209
nu          0.9932  0.9850  0.9757  0.9654  0.9543
k           0.9990  0.9962  0.9918  0.9859  0.9787
theta       0.9479  0.8983  0.8510  0.8065  0.7646
Total computing time : 0h00m16s
