Starting Dynare (version 4.5.1).
Starting preprocessing of the model file ...
Found 10 equation(s).
Evaluating expressions...done
Computing static model derivatives:
 - order 1
Computing dynamic model derivatives:
 - order 1
 - order 2
 - order 3
Processing outputs ...
done
Preprocessing completed.

STEADY-STATE RESULTS:

r      		 0.0204082
w      		 1.81958
c      		 0.672606
n      		 0.300145
l      		 0.699855
ltheta 		 0
y      		 0.815133
nu     		 2.25555
k      		 6.19685
theta  		 1

EIGENVALUES:
         Modulus             Real        Imaginary

            0.85             0.85                0
          0.9505           0.9505                0
           1.073            1.073                0


There are 1 eigenvalue(s) larger than 1 in modulus 
for 1 forward-looking variable(s)

The rank condition is verified.


MODEL SUMMARY

  Number of variables:         10
  Number of stochastic shocks: 1
  Number of state variables:   2
  Number of jumpers:           1
  Number of static variables:  7


MATRIX OF COVARIANCE OF EXOGENOUS SHOCKS
Variables         eps
eps          0.000196



MOMENTS OF SIMULATED VARIABLES
VARIABLE              MEAN       STD. DEV.        VARIANCE        SKEWNESS        KURTOSIS
r                 0.020365        0.001593        0.000003        0.043753        0.046188
w                 1.823421        0.060504        0.003661        0.104234        0.182617
c                 0.673391        0.011547        0.000133        0.084360        0.426339
n                 0.299965        0.004045        0.000016       -0.076999        0.042432
l                 0.700035        0.004045        0.000016        0.076999        0.042432
ltheta            0.000490        0.026651        0.000710       -0.066932        0.000463
y                 0.816391        0.029987        0.000899        0.054911       -0.001083
nu                2.252200        0.078052        0.006092        0.099377        0.425454
k                 6.216996        0.232836        0.054213        0.176909        0.569200
theta             1.000845        0.026655        0.000710        0.012665       -0.010972


CORRELATION OF SIMULATED VARIABLES
VARIABLE         r       w       c       n       l  ltheta       y      nu       k   theta
r           1.0000  0.1269 -0.2131  0.9982 -0.9982  0.5615  0.4808  0.2555 -0.4246  0.5611
w           0.1269  1.0000  0.9419  0.0756 -0.0756  0.8917  0.9306 -0.9253  0.8439  0.8921
c          -0.2131  0.9419  1.0000 -0.2633  0.2633  0.6885  0.7538 -0.9983  0.9749  0.6889
n           0.9982  0.0756 -0.2633  1.0000 -1.0000  0.5182  0.4350  0.3052 -0.4708  0.5177
l          -0.9982 -0.0756  0.2633 -1.0000  1.0000 -0.5182 -0.4350 -0.3052  0.4708 -0.5177
ltheta      0.5615  0.8917  0.6885  0.5182 -0.5182  1.0000  0.9952 -0.6560  0.5100  0.9998
y           0.4808  0.9306  0.7538  0.4350 -0.4350  0.9952  1.0000 -0.7237  0.5890  0.9955
nu          0.2555 -0.9253 -0.9983  0.3052 -0.3052 -0.6560 -0.7237  1.0000 -0.9821 -0.6561
k          -0.4246  0.8439  0.9749 -0.4708  0.4708  0.5100  0.5890 -0.9821  1.0000  0.5105
theta       0.5611  0.8921  0.6889  0.5177 -0.5177  0.9998  0.9955 -0.6561  0.5105  1.0000


AUTOCORRELATION OF SIMULATED VARIABLES
VARIABLE         1       2       3       4       5
r           0.8530  0.7215  0.6076  0.5060  0.4240
w           0.9352  0.8726  0.8140  0.7580  0.7083
c           0.9826  0.9599  0.9334  0.9038  0.8728
n           0.8618  0.7372  0.6287  0.5318  0.4528
l           0.8618  0.7372  0.6287  0.5318  0.4528
ltheta      0.8539  0.7227  0.6089  0.5076  0.4257
y           0.8684  0.7496  0.6460  0.5527  0.4766
nu          0.9864  0.9669  0.9429  0.9153  0.8857
k           0.9953  0.9834  0.9655  0.9431  0.9171
theta       0.8534  0.7221  0.6083  0.5068  0.4248
Total computing time : 0h00m06s
